EDID BYTES:
0x   00 01 02 03 04 05 06 07 08 09 0A 0B 0C 0D 0E 0F
    ------------------------------------------------
00 | 00 FF FF FF FF FF FF 00 41 D0 15 08 D4 4A 0C 66
10 | 2E 12 01 03 0C 34 27 78 0A 20 79 A0 56 48 9A 26
20 | 12 48 4C 00 00 00 01 01 01 01 01 01 01 01 01 01
30 | 01 01 01 01 01 01 28 05 80 C4 20 F0 17 00 20 40
40 | 12 00 00 00 00 00 00 98 00 00 00 FD 00 19 41 0F
50 | 0F 15 00 0A 20 20 20 20 20 20 00 00 00 FC 00 53
60 | 31 35 4B 20 2D 20 45 44 49 44 0A 0A 70 06 20 F0
70 | 30 2C 0E 10 28 50 12 00 00 00 00 00 00 98 00 1F
