EDID BYTES:
0x   00 01 02 03 04 05 06 07 08 09 0A 0B 0C 0D 0E 0F
    ------------------------------------------------
00 | 00 FF FF FF FF FF FF 00 41 D0 15 08 D4 4A 0C 66
10 | 2E 12 01 03 0C 34 27 78 0A 20 79 A0 56 48 9A 26
20 | 12 48 4C 21 08 00 01 01 01 01 01 01 01 01 01 01
30 | 01 01 01 01 01 01 1D 05 80 C4 20 F0 17 00 20 40
40 | 12 00 00 00 00 00 00 98 00 00 00 FD 00 19 46 0F
50 | 23 15 00 0A 20 20 20 20 20 20 00 00 00 FC 00 53
60 | 6F 66 74 2D 31 35 6B 48 7A 20 44 6F 00 00 00 FC
70 | 00 6E 67 6C 65 0A 20 20 20 20 20 20 20 20 00 CA
